[gd_scene load_steps=5 format=2]

[ext_resource path="res://objects/space/FireRing.tscn" type="PackedScene" id=1]
[ext_resource path="res://objects/space/Bouncepad.tscn" type="PackedScene" id=2]
[ext_resource path="res://objects/space/Key.tscn" type="PackedScene" id=3]
[ext_resource path="res://scripts/SpaceLevel.gd" type="Script" id=4]

[node name="Level5" type="Spatial"]
transform = Transform( 1, 4.79474e-11, 0, -5.15072e-11, 1, 0, -1.45519e-11, -1.16415e-10, 1, 0, 0, 0 )
script = ExtResource( 4 )

[node name="Key1" parent="." instance=ExtResource( 3 )]
transform = Transform( 0.866025, -0.5, 0, 0.5, 0.866025, 0, 5.62579e-11, -2.28726e-11, 1, -1, 1.73205, -4.57452e-11 )

[node name="Key2" parent="." instance=ExtResource( 3 )]
transform = Transform( 0.866025, -0.5, 0, 0.5, 0.866025, 0, 5.62579e-11, -2.28726e-11, 1, 1, -1.73205, 4.57452e-11 )

[node name="Key3" parent="." instance=ExtResource( 3 )]
transform = Transform( 1, 4.79545e-11, -7.27596e-12, -5.15072e-11, 1, -5.82077e-11, 7.27596e-12, 5.82077e-11, 1, 0, 0, 1.1 )

[node name="SpawnPoint" type="Spatial" parent="."]
transform = Transform( -4.37869e-08, 1, -4.15236e-11, 0.5, 2.18303e-08, 0.866024, 0.866025, 3.79694e-08, -0.5, 0, 0, 0 )

[node name="Spatial" type="Spatial" parent="SpawnPoint"]
transform = Transform( 1, 0, 0, 0, 1, 0, 0, 0, 1, -1.1, 0, 0 )

[node name="FireRing1" parent="." instance=ExtResource( 1 )]
transform = Transform( 1, 4.79474e-11, -4.79474e-11, 3.69553e-11, -4.38278e-08, 1, 6.60591e-11, -1, -4.3595e-08, 0, 0, 0 )

[node name="FireRing2" parent="." instance=ExtResource( 1 )]
transform = Transform( 1, 4.79474e-11, 4.79474e-11, 6.60591e-11, -4.3595e-08, -1, -3.69553e-11, 1, -4.38278e-08, 0, 0, 0 )

[node name="Bouncepad1" parent="." instance=ExtResource( 2 )]

[node name="Bouncepad2" parent="." instance=ExtResource( 2 )]
transform = Transform( -1, 8.74228e-08, 0, -8.74228e-08, -1, 0, -2.91038e-11, -2.3283e-10, 1, 0, 0, 0 )

[node name="Bouncepad3" parent="." instance=ExtResource( 2 )]
transform = Transform( 0.5, 0.866025, 0, -0.866025, 0.5, 0, -1.08094e-10, -4.56052e-11, 1, 0, 0, 0 )

[node name="Bouncepad4" parent="." instance=ExtResource( 2 )]
transform = Transform( -0.5, -0.866025, 0, 0.866025, -0.5, 0, 7.89905e-11, -1.87225e-10, 1, 0, 0, 0 )
