[gd_scene load_steps=6 format=2]

[ext_resource path="res://objects/space/FireRing.tscn" type="PackedScene" id=1]
[ext_resource path="res://objects/space/FireRingLargePartial.tscn" type="PackedScene" id=2]
[ext_resource path="res://objects/space/Key.tscn" type="PackedScene" id=3]
[ext_resource path="res://scripts/SpaceLevel.gd" type="Script" id=4]
[ext_resource path="res://objects/space/Fireball.tscn" type="PackedScene" id=5]

[node name="Level6" type="Spatial"]
transform = Transform( 1, 4.79474e-11, 0, -5.15072e-11, 1, 0, -1.45519e-11, -1.16415e-10, 1, 0, 0, 0 )
script = ExtResource( 4 )

[node name="Key1" parent="." instance=ExtResource( 3 )]
transform = Transform( 0.866025, -0.5, 0, 0.5, 0.866025, 0, 5.62579e-11, -2.28726e-11, 1, 1.1, 0, 0 )

[node name="Key2" parent="." instance=ExtResource( 3 )]
transform = Transform( -0.5, 2.88972e-11, -0.866025, -7.72608e-11, 1, -4.46065e-11, 0.866025, 2.16146e-10, -0.5, -0.55, -8.49869e-11, 0.952628 )

[node name="Key3" parent="." instance=ExtResource( 3 )]
transform = Transform( -0.5, -1.46307e-10, 0.866025, -1.28768e-10, 1, -1.36012e-11, -0.866025, 6.24652e-11, -0.5, -0.55, -8.49869e-11, -0.952628 )

[node name="SpawnPoint" type="Spatial" parent="."]
transform = Transform( -4.37869e-08, 1, -4.15236e-11, 0.5, 2.18303e-08, 0.866024, 0.866025, 3.79694e-08, -0.5, 0, 0, 0 )

[node name="Spatial" type="Spatial" parent="SpawnPoint"]
transform = Transform( 1, 0, 0, 0, 1, 0, 0, 0, 1, -1.1, 0, 0 )

[node name="FireRing1" parent="." instance=ExtResource( 1 )]
transform = Transform( 1, 4.79474e-11, -4.79474e-11, 3.69553e-11, -4.38278e-08, 1, 6.60591e-11, -1, -4.3595e-08, 0, 0, 0 )

[node name="FireRing2" parent="." instance=ExtResource( 1 )]
transform = Transform( 1, 4.79474e-11, 4.79474e-11, 6.60591e-11, -4.3595e-08, -1, -3.69553e-11, 1, -4.38278e-08, 0, 0, 0 )

[node name="FireRingLargePartial" parent="." instance=ExtResource( 2 )]
spin_speed = 0.75

[node name="Fireball1" parent="." instance=ExtResource( 5 )]
transform = Transform( 1, 0, 0, 0, 1, 0, 0, 0, 1, 0, 0.2, 0 )

[node name="Fireball2" parent="." instance=ExtResource( 5 )]
transform = Transform( -1, 0, -8.74228e-08, 0, 1, 0, 8.74228e-08, 0, -1, 0, -0.2, 0 )
