[gd_scene load_steps=5 format=2]

[ext_resource path="res://objects/space/FireRing.tscn" type="PackedScene" id=1]
[ext_resource path="res://objects/space/Fireball.tscn" type="PackedScene" id=2]
[ext_resource path="res://objects/space/Key.tscn" type="PackedScene" id=3]
[ext_resource path="res://scripts/SpaceLevel.gd" type="Script" id=4]

[node name="Level4" type="Spatial"]
transform = Transform( 1, 4.79474e-11, 0, -5.15072e-11, 1, 0, -1.45519e-11, -1.16415e-10, 1, 0, 0, 0 )
script = ExtResource( 4 )

[node name="Key1" parent="." instance=ExtResource( 3 )]
transform = Transform( 0.866025, 0.5, -3.5405e-11, -0.5, 0.866025, -4.67714e-11, -5.28811e-11, 4.9887e-11, 1, 0.952628, -0.55, -6.61728e-11 )

[node name="Key2" parent="." instance=ExtResource( 3 )]
transform = Transform( 0.866025, 0.5, -3.5405e-11, -0.5, 0.866025, -4.67714e-11, -5.28811e-11, 4.9887e-11, 1, -0.952628, 0.55, 6.61728e-11 )

[node name="Key3" parent="." instance=ExtResource( 3 )]
transform = Transform( 1, 4.79545e-11, -7.27596e-12, -5.15072e-11, 1, -5.82077e-11, 7.27596e-12, 5.82077e-11, 1, 0, 0, 1.1 )

[node name="SpawnPoint" type="Spatial" parent="."]
transform = Transform( -4.37869e-08, 1, -4.15236e-11, 0.5, 2.18303e-08, 0.866024, 0.866025, 3.79694e-08, -0.5, 0, 0, 0 )

[node name="Spatial" type="Spatial" parent="SpawnPoint"]
transform = Transform( 1, 0, 0, 0, 1, 0, 0, 0, 1, -1.1, 0, 0 )

[node name="FireRing1" parent="." instance=ExtResource( 1 )]
transform = Transform( 1, 4.79474e-11, -4.79474e-11, 3.69553e-11, -4.38278e-08, 1, 6.60591e-11, -1, -4.3595e-08, 0, 0, 0 )

[node name="FireRing2" parent="." instance=ExtResource( 1 )]
transform = Transform( 1, 4.79474e-11, 4.79474e-11, 6.60591e-11, -4.3595e-08, -1, -3.69553e-11, 1, -4.38278e-08, 0, 0, 0 )

[node name="Fireball1" parent="." instance=ExtResource( 2 )]
transform = Transform( -4.37078e-08, -1, 0, 1, -4.37149e-08, 0, 1.01863e-10, -1.30967e-10, 1, 0, 0, 0 )

[node name="Fireball2" parent="." instance=ExtResource( 2 )]
transform = Transform( 9.27271e-08, 0.707107, 0.707107, -1, 1.31123e-07, 3.64211e-11, -9.28161e-08, -0.707107, 0.707107, 0, 0, 0 )

[node name="Fireball3" parent="." instance=ExtResource( 2 )]
transform = Transform( -6.24974e-11, 4.3595e-08, 1, 1, -4.36634e-08, 5.15072e-11, 4.37763e-08, 1, -4.36968e-08, 0, 0, 0 )

[node name="Fireball4" parent="." instance=ExtResource( 2 )]
transform = Transform( -9.26518e-08, -0.707107, 0.707107, -1, 1.3105e-07, 3.64211e-11, -9.27956e-08, -0.707107, -0.707107, 0, 0, 0 )

[node name="Fireball5" parent="." instance=ExtResource( 2 )]
transform = Transform( 4.36119e-08, 1, -8.74228e-08, 1, -4.36119e-08, -4.5029e-18, 1.30963e-10, -8.72918e-08, -1, 0, 0, 0 )

[node name="Fireball6" parent="." instance=ExtResource( 2 )]
transform = Transform( -9.26312e-08, -0.707107, -0.707107, -1, 1.3105e-07, -3.64211e-11, 9.25833e-08, 0.707107, -0.707107, 0, 0, 0 )

[node name="Fireball7" parent="." instance=ExtResource( 2 )]
transform = Transform( -3.34012e-11, -1.31018e-07, -1, 1, -4.36634e-08, -5.15072e-11, -4.35435e-08, -1, 1.3112e-07, 0, 0, 0 )

[node name="Fireball8" parent="." instance=ExtResource( 2 )]
transform = Transform( 9.27477e-08, 0.707107, -0.707107, -1, 1.31123e-07, -3.64211e-11, 9.25627e-08, 0.707107, 0.707107, 0, 0, 0 )
