[gd_scene load_steps=7 format=2]

[ext_resource path="res://objects/space/FireRing.tscn" type="PackedScene" id=1]
[ext_resource path="res://objects/space/Bouncepad.tscn" type="PackedScene" id=2]
[ext_resource path="res://objects/space/Key.tscn" type="PackedScene" id=3]
[ext_resource path="res://scripts/SpaceLevel.gd" type="Script" id=4]
[ext_resource path="res://objects/space/Fireball.tscn" type="PackedScene" id=5]
[ext_resource path="res://objects/space/FireRingLarge.tscn" type="PackedScene" id=6]

[node name="Level7" type="Spatial"]
transform = Transform( 1, 4.79474e-11, 0, -5.15072e-11, 1, 0, -1.45519e-11, -1.16415e-10, 1, 0, 0, 0 )
script = ExtResource( 4 )

[node name="Key1" parent="." instance=ExtResource( 3 )]
transform = Transform( 0.866025, -0.5, 0, 0.5, 0.866025, 0, 5.62579e-11, -2.28726e-11, 1, -2, 0, 0 )

[node name="Key2" parent="." instance=ExtResource( 3 )]
transform = Transform( -0.866025, -2.19969e-08, 0.5, 0.25, 0.866025, 0.433012, -0.433013, 0.5, -0.75, -4.15983e-08, -0.55, 0.952628 )

[node name="Key3" parent="." instance=ExtResource( 3 )]
transform = Transform( -3.78166e-08, -2.17808e-08, -1, -0.5, 0.866025, -5.15072e-11, 0.866025, 0.5, -4.37259e-08, 4.15983e-08, 0.55, -0.952628 )

[node name="SpawnPoint" type="Spatial" parent="."]
transform = Transform( 2.08582e-07, -4.37939e-08, 0.999999, 0.707106, -0.707107, -5.15546e-07, 0.707106, 0.707107, -4.53766e-07, 0, 0, 0 )

[node name="Spatial" type="Spatial" parent="SpawnPoint"]
transform = Transform( 1, 0, 0, 0, 1, 0, 0, 0, 1, -1.1, 0, 0 )

[node name="FireRing1" parent="." instance=ExtResource( 1 )]
transform = Transform( 1, 4.79474e-11, -4.79474e-11, 3.69553e-11, -4.38278e-08, 1, 6.60591e-11, -1, -4.3595e-08, 0, 0, 0 )

[node name="FireRing2" parent="." instance=ExtResource( 1 )]
transform = Transform( 1, 4.79474e-11, 4.79474e-11, 6.60591e-11, -4.3595e-08, -1, -3.69553e-11, 1, -4.38278e-08, 0, 0, 0 )

[node name="FireRingLarge" parent="." instance=ExtResource( 6 )]

[node name="Bouncepad1" parent="." instance=ExtResource( 2 )]

[node name="Bouncepad2" parent="." instance=ExtResource( 2 )]
transform = Transform( -1, 8.74228e-08, 0, -8.74228e-08, -1, 0, -2.91038e-11, -2.3283e-10, 1, 0, 0, 0 )

[node name="Bouncepad3" parent="." instance=ExtResource( 2 )]
transform = Transform( 0.258819, 0.965926, 0, -0.965926, 0.258819, 0, -1.23234e-10, -7.22285e-11, 1, 0, 0, 0 )

[node name="Bouncepad4" parent="." instance=ExtResource( 2 )]
transform = Transform( -0.258819, -0.965926, 0, 0.965926, -0.258819, 0, 9.41301e-11, -1.60601e-10, 1, 0, 0, 0 )

[node name="Fireball1" parent="." instance=ExtResource( 5 )]
transform = Transform( 1, 0, 0, 0, 1, 0, 0, 0, 1, 0, 0.2, 0 )

[node name="Fireball2" parent="." instance=ExtResource( 5 )]
transform = Transform( -1, 0, -8.74228e-08, 0, 1, 0, 8.74228e-08, 0, -1, 0, -0.2, 0 )
