[gd_scene load_steps=4 format=2]

[ext_resource path="res://objects/Key.tscn" type="PackedScene" id=1]
[ext_resource path="res://objects/FireRing.tscn" type="PackedScene" id=2]
[ext_resource path="res://objects/Level.gd" type="Script" id=5]

[node name="Level2" type="Spatial"]
transform = Transform( 1, 4.79474e-11, 0, -5.15072e-11, 1, 0, -1.45519e-11, -1.16415e-10, 1, 0, 0, 0 )
script = ExtResource( 5 )

[node name="FireRing1" parent="." instance=ExtResource( 2 )]
transform = Transform( 1, 5.67525e-10, -1.30967e-10, -5.14646e-11, 0.866025, -0.5, -5.09317e-11, 0.5, 0.866025, 0.0106596, -0.00720024, 0.0174212 )

[node name="FireRing2" parent="." instance=ExtResource( 2 )]
transform = Transform( -0.5, -0.433013, -0.7575, 2.91038e-10, 0.866025, -0.505, 0.866025, -0.25, -0.437343, 0.0100177, 5.15984e-13, 0.00779232 )

[node name="FireRing3" parent="." instance=ExtResource( 2 )]
transform = Transform( -0.5, 0.433013, 0.7575, 5.82077e-11, 0.866025, -0.505, -0.866026, -0.25, -0.437343, 0.0100177, 5.15984e-13, 0.00779232 )

[node name="FireRing4" parent="." instance=ExtResource( 2 )]
transform = Transform( 1, 1.45519e-11, -2.43006e-12, -5.14504e-11, -4.36557e-08, 1.01, -6.54836e-11, -1, -4.46453e-08, 0.0100177, 5.15984e-13, 0.00779232 )

[node name="Key1" parent="." instance=ExtResource( 1 )]
transform = Transform( 1, 4.79545e-11, -7.27596e-12, -5.15072e-11, 1, -5.82077e-11, 7.27596e-12, 5.82077e-11, 1, -1.9245e-10, -1.1, -1.74623e-10 )

[node name="SpawnPoint" type="Spatial" parent="."]
transform = Transform( 0.789149, 0.0473672, 0.612372, -0.433013, 0.75, 0.5, -0.435596, -0.65974, 0.612372, 0, 0, 0 )

[node name="Spatial" type="Spatial" parent="."]
transform = Transform( -0.69034, -1.65272e-10, 0.723485, -8.70647e-11, 1, 3.72647e-11, -0.723485, 1.62092e-10, -0.69034, 0, 0, 0 )

[node name="Key2" parent="Spatial" instance=ExtResource( 1 )]
transform = Transform( -0.482963, 0.836516, 0.258819, -0.866025, -0.5, 4.87361e-11, 0.12941, -0.224144, 0.965926, -0.920168, 0.55, 0.246558 )

[node name="Key3" parent="Spatial" instance=ExtResource( 1 )]
transform = Transform( 0.433013, -0.75, 0.5, -0.866025, -0.5, 6.11586e-11, 0.25, -0.433013, -0.866025, 0.825, 0.55, 0.476314 )
